board_size: !!python/tuple
- 9
- 6
calibration_date: '2026-04-06 15:51:42'
camera_matrix:
- - 673.9894141267758
  - 0.0
  - 632.3216103704071
- - 0.0
  - 675.9831955261747
  - 398.3749954794185
- - 0.0
  - 0.0
  - 1.0
distortion_coefficients:
- 0.0009660562377746288
- -0.07273754523353017
- 0.011809862399360447
- -0.002956276184665891
- 0.04594580021242599
image_height: 720
image_width: 1280
reprojection_error: 0.09045427903950182
square_size: 0.025
